3.386910404593379553e-01
4.410843884742544907e-02
4.046133615065904132e-02
6.944840834274958186e-02
6.970554850649740564e-02
1.557235268943074069e-01
8.096248310518609770e-02
4.256371868569871521e-03
1.329174979084691566e-01
2.545160425948202534e-02
5.182414293943871791e-02
5.533176804939390209e-02
6.864378808563263712e-02
7.187688333503076954e-02
2.178964779712067729e-02
4.946970882178096662e-01
1.869701656929532302e-02
4.146308653771386271e-02
1.056427726365061354e-01
1.343523190289455313e-02
1.441509775973402914e-02
1.458541389596188509e-01
8.123881770132145019e-02
1.072050390014294835e-01
7.066356121527547773e-03
8.987769935289793150e-03
3.300440943429862328e-02
2.577293233840082798e-01
1.818269660719850148e-02
5.907772527979504584e-01
8.800610459150332021e-02
1.730228271995285644e-02
7.231717202067789937e-03
2.121079131653033981e-02
2.173784698534333704e-01
7.197753524471041386e-02
2.117251394949575538e-01
2.815182600169418570e-01
2.505322096765099163e-02
2.649553646599430226e-02
7.187576034569870265e-02
2.939418207754346257e-02
1.149446222890953238e-02
1.100350913452477902e-01
6.999499454421216627e-02
1.123562343038062711e-01
1.798821850011194864e-02
6.112483104906848985e-03
4.920659760410606848e-02
1.178988052795755692e+00
6.289497430628300523e-02
1.242553796739247068e-01
2.927439559324308480e-02
1.268163885850745465e-01
6.898643119270642110e-02
8.089220670304932484e-03
7.488026405399432484e-02
5.613010020172514575e-02
1.045624904506858299e-01
5.901576695855671739e-02
2.966202734732965515e-02
2.165836460117060228e-02
4.380404503127235255e-03
1.291599129395676115e+00
7.630686515948080784e-01
6.215009876187268523e-01
5.883236377437556230e-01
7.499441324307408729e-01
7.146540970247200475e-01
1.485911493808318440e+00
2.241358918278462564e+00
1.198991231392256829e+00
1.161352617018012401e+00
9.034025525691994352e-01
1.239596752617837083e+00
5.787027424761631567e-01
8.913115571477777666e-01
7.338533018681093756e-01
9.668475831116527530e-01
3.957288300630564248e-01
9.073418643806329120e-01
2.290492297240137809e+00
1.213982762646291569e+00
1.005525049338642729e+00
6.078244185180200487e-01
5.464233087563123981e-01
6.786867422843351205e-01
1.079861457520198131e+00
1.617309161731869116e+00
9.673136316859839434e-01
6.307945303188317032e-01
9.263183662056795331e-01
7.297790193546098703e-01
9.955762488123307552e-01
7.980764742564867564e-01
1.402430546406054468e+00
1.160089387772220926e+00
6.168387971358971766e-01
1.104454649254275722e+00
1.347447590579826882e+00
1.715964062738665641e+00
9.319387385697140980e-01
8.380387065568232208e-01
1.328111316719311485e+00
4.337447754891900487e-01
8.455540941455114146e-01
8.953128836587580519e-01
1.181771917134273320e+00
7.045839872181154373e-01
5.368969610610075938e-01
1.307988896375786192e+00
4.925198306071151833e-01
1.101921559567476505e+00
5.595622070763918154e-01
4.372924902409147108e-01
1.249227289944715658e+00
1.557134017850786423e+00
7.112718352160440904e-01
1.252057273598512044e+00
9.143970344313889775e-01
8.079228705186793924e-01
8.112710840008943158e-01
6.600455931387674280e-01
1.083157400624150668e+00
1.616113801616281265e+00
3.116639540517456841e-01
