5.817155087111146317e-02
7.575802096147760296e-03
6.949397512875101282e-03
1.192804395814242926e-02
1.197220881734914477e-02
2.674614319373662397e-02
1.390563269172237493e-02
7.310490184301345886e-04
2.282911582413602036e-02
4.371415582543602789e-03
8.901005362482401762e-03
9.503454108229612493e-03
1.178984718696322702e-02
1.234514432300923281e-02
3.742459805180418930e-03
8.496621816161661900e-02
3.211287930804754623e-03
7.121452178158493504e-03
1.814457186188122434e-02
2.307555213283653522e-03
2.475851122324229572e-03
2.505103604968332218e-02
1.395309427203089182e-02
1.841289740482476497e-02
1.213675136015829022e-03
1.543685700393736216e-03
5.668640303488606605e-03
4.426604974810345594e-02
3.122951404988875013e-03
1.014683735596405983e-01
1.511540306253721100e-02
2.971736772443283377e-03
1.242076567880406272e-03
3.643038872279254388e-03
3.733562807039034204e-02
1.236243169404881853e-02
3.636464580261831309e-02
4.835189546647722381e-02
4.302991646984161492e-03
4.550715145280076479e-03
1.234495144506663963e-02
5.048569208442989578e-03
1.974220201922807956e-03
1.889897029787520819e-02
1.202192234057825222e-02
1.929763595348211319e-02
3.089549006495074471e-03
1.049843602014582673e-03
8.451431404384078874e-03
2.024959485099661061e-01
1.080246525692916959e-02
2.134136211547870560e-02
5.027995397114231636e-03
2.178122571492402057e-02
1.184869752119924874e-02
1.389356243649391039e-03
1.286098706287491615e-02
9.640570872075499703e-03
1.795902904373529799e-02
1.013619576464556450e-02
5.094572712745385618e-03
3.719911387302654582e-03
7.523521231743473181e-04
2.218373546546301700e-01
1.310601155088038927e-01
1.067452988088395255e-01
1.010469552878444366e-01
1.288059264603543808e-01
1.227447206868549495e-01
2.552112861763676799e-01
3.849624252186508722e-01
2.059315750318020111e-01
1.994669913574890485e-01
1.551630284420835726e-01
2.129057369122531185e-01
9.939452776060495043e-02
1.530863512607630594e-01
1.260422614771794514e-01
1.660599680738912565e-01
6.796802105529044236e-02
1.558396211181850288e-01
3.934012810261809379e-01
2.085064309293693241e-01
1.727029787397112437e-01
1.043962929594227512e-01
9.385040495718403875e-02
1.165671825885868790e-01
1.854705563651613265e-01
2.777793650768129452e-01
1.661400137943607191e-01
1.083415022136263589e-01
1.590989117677821529e-01
1.253424870391669221e-01
1.709942321630731066e-01
1.370728501063557259e-01
2.408730970940899108e-01
1.992500266446529111e-01
1.059445488082639969e-01
1.896945361377046502e-01
2.314295528906421540e-01
2.947237418303820244e-01
1.600642333672127604e-01
1.439365245219217659e-01
2.281084699443403641e-01
7.449741285812801206e-02
1.452273226216842517e-01
1.537735952113846727e-01
2.029740884270029577e-01
1.210151387525406769e-01
9.221421635644114212e-02
2.246523631719977709e-01
8.459226539425596103e-02
1.892594677775351897e-01
9.610706368361593421e-02
7.510674716138047990e-02
2.145598205020252947e-01
2.674440416542994692e-01
1.221638035932230276e-01
2.150458815972877136e-01
1.570513750014743415e-01
1.387640083380185796e-01
1.393390774943914501e-01
1.133654901129113879e-01
1.860366478734570284e-01
2.775740571605512241e-01
5.352953988161222171e-02
